32586
32586
31977
32586
32553
32586
32586
32586
32586
32586
32586
32586
32586
31977
32553
32586
32586
21918
32553
19279
32586
32586
32586
32586
32586
32586
32586
32586
32586
32586
32553
29310
32586
32586
32586
32586
32586
32586
31977
32586
32586
31462
32586
27491
31977
32586
32586
31282
32553
19279
31977
32586
32553
29900
32586
32553
32553
32586
17931
22990
32586
31462
32586
30618
32586
32586
32586
32586
32586
31977
32586
32586
32586
32586
32586
32586
31977
32553
32553
32586
32586
32586
32586
31977
32586
32586
32586
32553
32586
31977
32586
32586
32586
32586
32586
32586
32586
32586
32553
32586
